[DB]
SERVER=svbyminssq1
DATABASE=SHATE-M
[Rate]
Z01=0.08775
Z02=0.053625
Z03=0.053625
Z04=0.053625
PAL=0
MZ01=0.2
MZ02=0.06
MZ03=0.06
MZ04=0.06
MZ05=0.06
UNKNOWN=0.053625
